4.98265955275212 16.01654875781561 18.846803333471243 19.35026888776743 19.32735056286487 19.29191092968203 16.537811285141654 
10.753849240121582 22.774289869787694 26.822477440582357 27.276148905916138 27.205707467692175 27.338395183901643 25.038608463782396 
12.729562751888773 34.31395455523185 42.06211251373936 41.89913963332552 42.116252436890576 45.68661409169629 85.31465652536941 
12.66601230991541 40.599155983457806 49.63193369076888 49.22629909445957 49.662363078536295 52.99042129529451 21.55877592980749 
13.816983082507111 30.75846649517521 34.974627675558956 34.835280459573674 34.28234894485166 29.55692509197029 6.923966215398755 
66.12779685545277 44.00373863932804 44.21817735637951 42.80452839866334 40.461046026160155 24.904451027026347 2.0808230440810522 
0.0 0.0 0.0 0.0 0.0 0.0 0.0 
76.1354719402967 33.85442128593322 36.73645305450133 36.09788144382418 35.304619085663404 36.59605018615959 37.40090383051122 
5.892236385359363 15.688781902546694 18.856048797071026 19.423666614180746 19.43703449011528 20.594597866711528 20.47153121526389 
7.42071286031845 12.970720900044796 15.723869381386844 16.269500326855464 16.32000641268808 16.887989566666878 15.52247385726096 
2.9445294535873634 10.698743935488832 14.15774720244834 14.963660068435725 15.166972941735054 16.2544673071463 15.37478918736514 
2.8241972874161796 6.263127401153554 8.487161809863236 9.041366806574347 9.20620661615331 9.945657843232295 9.650477596289225 
1.0160708447020614 3.6117932722804125 5.143086995667102 5.561676258610198 5.699071344918243 6.315390894326708 6.335421470697375 
0.7997034263870604 3.557968555616126 5.185918728153648 5.655004881560997 5.807639359397101 6.5360782122843695 6.548969145556831 
0.7020584184721712 3.3272958607499716 4.948056134460287 5.430094711655676 5.588609843390593 6.30361747518052 6.235875514724129 
0.49361345575593674 2.5550025593366583 3.849297830180203 4.303429861512099 4.461753676954698 5.135160618183832 5.092624724697957 
0.4468754001967002 2.7393463709278083 4.437060728167445 5.0474583502401416 5.263783077958314 6.104202527442787 5.808571581916965 
5.3363184683238 20.18091688171477 23.87321415975932 24.468053728289327 24.437096040674287 24.43581208743785 21.0531270206585 
5.852226745140258 18.29736925529144 21.672387887784186 22.268602119343146 22.305204422262086 22.60113695859334 19.394999350688984 
12.638693084420455 30.545225878857153 35.3835262332318 36.10255353959888 36.13185399911216 34.84113291770854 28.61321952575247 
52.12220228668157 45.46273978573189 48.70000638378651 49.34378853483386 49.55687093716936 46.299996314826124 35.916339611302874 
9.352781978919037 27.654174836414477 34.39201107760101 35.57313052897494 36.045662372066644 37.75720291349661 42.21592474463033 
11.53705018970345 27.512652968874857 32.386038001082326 36.18240922947485 37.57818277400037 37.85658470103564 38.98547957802124 
13.035758544284045 33.11019347352939 32.79686671504816 46.48936559708399 49.731353575097 47.3439669616572 41.552482595204886 
9.19136368853634 24.440983163392033 27.958325329456795 28.10043226823251 27.43070145373561 23.1663514508922 4.167200805406087 
8.415832564861784 21.865816426806116 24.942683884262223 25.189342949178112 24.53761126821722 20.301923939638943 3.6115002426720473 
7.632991254089644 17.145182914783526 19.085578436680382 19.413033586961514 18.58964735978201 13.960082926159147 2.3428722777759035 
6.332467544281582 13.18226734239695 14.485957067949249 14.781183004542706 14.07514438290906 10.320955205555832 1.9329822992991617 
5.867820858853827 13.2127486927332 14.629847481506436 15.023142483190547 14.276154924727496 10.53774695551902 1.6466277106697127 
5.8495759904770335 11.355614769289897 12.467669895528983 12.719971856364909 12.080676409630941 8.481112666699307 1.5296457236616383 
4.831561038820601 9.947666890031556 11.119419516812028 11.375593247239912 10.829607389670395 7.35493185144024 0.9139876715377658 
5.526426391867834 13.09537799340388 15.213477696880723 15.746084737537945 14.860895762705493 9.223743761795838 0.7865299962541573 
0.0 0.0 0.0 0.0 0.0 0.0 0.0 
0.0 0.0 0.0 0.0 0.0 0.0 0.0 
8.185562892004466 13.595103906921084 16.424165267881037 17.121863245918362 17.303251678255666 17.889174812649127 16.39107278670779 
0.0 0.0 0.0 0.0 0.0 0.0 0.0 
0.0 0.0 0.0 0.0 0.0 0.0 0.0 
