48.34777369332909 86.68228348151625 94.02962903739893 95.27728553392372 95.22084593764507 95.13350493824062 88.08153800470046 
30.716366875502896 44.70028542979934 48.510675109839354 48.919206131005325 48.85599766753657 48.974993024535635 46.86978580419651 
38.78622695542224 63.68045783050425 70.5044179472503 70.36769799880071 70.549777964168 73.47934523590303 100.41130571848656 
37.91506566001878 67.88133300438464 75.0537605749136 74.7464295933879 75.07676481699384 77.5515613126577 49.46567148410855 
27.01319763245388 40.30433154606325 42.97797342275962 42.892270750314786 42.550500083349114 39.50927027897896 19.12259614256842 
123.60909837167215 100.83311873377392 101.07850976863133 99.44965251209776 96.68897690201568 75.85721571510159 21.92683689749999 
0.0 0.0 0.0 0.0 0.0 0.0 0.0 
56.543962998896184 37.70512793509738 39.27727349065073 38.93440827637516 38.50423387744738 39.202144829763974 39.63088496425569 
15.624321448819959 25.495039985626953 27.950297272276153 28.36786766019729 28.377627735841614 29.21041604717027 29.123009276668284 
12.777397059100515 16.89279976889324 18.59941526389299 18.919370610434758 18.94871394927024 19.275628750002955 18.47991825092442 
18.443840817131683 35.15683821872329 40.442732472842096 41.577878972657885 41.85938755388503 43.334100335036545 42.14518831366817 
9.122120858910838 13.584508476550505 15.813556231288844 16.321698477210504 16.469812876912027 17.11847461941784 16.86252899903584 
9.008116641339411 16.98374452578303 20.266742114925837 21.07535305718103 21.334086566705654 22.458054135829663 22.493641136232636 
7.650363519784597 16.136845698446027 19.48186128121887 20.343894057789853 20.616617494121098 21.871381383732924 21.89293893161023 
6.378833095206098 13.886740596300502 16.934482206810674 17.740191982675743 17.99726488926105 19.11391007773688 19.01092863493354 
4.069849692740619 9.259350946924249 11.365162055182799 12.0168942623219 12.23594934357393 13.126891368950554 13.072411560261797 
5.1386497525205845 12.722699452215315 16.192111276945774 17.269993153053495 17.636190658242985 18.991980713054676 18.526375670886463 
37.515460344177214 72.9558054840583 79.34962102328218 80.33210044737335 80.28126511694772 80.27915605407077 74.51568793535439 
12.972363632771142 22.937858432091197 24.963870685994543 25.304922967144275 25.325710939447056 25.493160796476836 23.61584155990605 
36.537217013142175 56.80100911835331 61.13429898234373 61.75232892778406 61.77738262161332 60.663926257954195 54.975317255593254 
56.39365257647259 52.66797831535741 54.51090029184764 54.870016547137126 54.9883621402703 53.15074104377987 46.812828265585836 
29.94312985870751 51.48813256029443 57.41899336337373 58.39663620866417 58.78320940261451 60.16261369060658 63.615792515580864 
23.573309410848537 36.40318650386534 39.49590559589113 41.746676470838466 42.54426771008149 42.70157373845533 43.333583630695806 
25.085657178818735 39.97957640453148 39.78996036389521 47.373354589682926 48.997336123269925 47.80679744232307 44.787396464930175 
44.25407732655206 72.16434114335054 77.18250896285086 77.37841247219117 76.45075376527895 70.25740992677864 29.797891134540563 
35.788857985431434 57.68755679788566 61.61279186277943 61.91668791789144 61.11044385805278 55.586316424428524 23.444615864992944 
17.656748711871813 26.46271595830276 27.920038788356905 28.158535048293896 27.554905729982632 23.87851710611279 9.782225290293946 
18.455073782610793 26.627129905605717 27.912767389361296 28.195765927273097 27.51412644477414 23.560757326675187 10.196314864069635 
22.36308600004938 33.5575231147208 35.31125961615449 35.782749137306055 34.881803942966854 29.968650947208463 11.846526233980306 
16.114056789309316 22.451637510459054 23.525309394125543 23.76215210190297 23.157321336016935 19.403010226337628 8.240207058850707 
25.943243201824863 37.22555219020646 39.356963999517596 39.80774338280914 38.840685644068564 32.0088342939104 11.283678421851745 
26.476241839515694 40.75615110827044 43.92870448034826 44.6910374645065 43.41668277700856 34.20485543460297 9.98830486499222 
0.0 0.0 0.0 0.0 0.0 0.0 0.0 
0.0 0.0 0.0 0.0 0.0 0.0 0.0 
13.3051756069653 17.14697843667128 18.8468159446696 19.242958713904873 19.344619797256627 19.66941711014235 18.827819472997355 
0.0 0.0 0.0 0.0 0.0 0.0 0.0 
0.0 0.0 0.0 0.0 0.0 0.0 0.0 
