1.0 1.0 1.0 1.0 1.0 1.0 1.0 
0.9985759013592088 0.9985439157966727 0.9985487986440515 0.9985402756942131 0.9985475883360555 0.9985862027052879 0.9985770254206928 
0.9944670562759932 0.9943702594344792 0.9945498279475357 0.9944173622035652 0.9943955823723747 0.9943214866789963 0.9935199419039501 
1.0 1.0 1.0 1.0 1.0 1.0 1.0 
0.993025466894968 0.9931371143625606 0.9929826634601243 0.9930526445929081 0.993078807704278 0.9932869126491568 0.9945434319120424 
0.9748823835311784 0.9769159364089173 0.9766330515698831 0.976873347453688 0.9770582730558953 0.9784269285384904 0.9823670332549524 
0.9695072409988269 0.9731312667968275 0.9729993565128481 0.9733735432014012 0.9737076685485456 0.9759077478901125 0.980884061732921 
1.0 1.0 1.0 1.0 1.0 1.0 1.0 
0.9884630584310113 0.9903566669290024 0.9902356752235311 0.9903381551831201 0.9904268435230646 0.9907210576025335 0.9913277938554621 
0.981340233983548 0.9835881231672056 0.9834417601144975 0.9835993523940604 0.9837314430540627 0.9844291901157305 0.9858349873547583 
0.9867230856471424 0.984339257958289 0.9839776502224624 0.9838558178619672 0.9837993320878093 0.9831504859829078 0.9820895805977699 
0.9868695237736571 0.9841475301232865 0.983799266962416 0.9836580570882785 0.9835850356803987 0.9828906977712589 0.9817341263022591 
0.9710935720287762 0.969698592054879 0.9696630231150237 0.9696612229539379 0.9696540426817897 0.9700893949193304 0.9708971691055556 
0.9649864631498698 0.9641418921735919 0.9642446461923221 0.9642971090971949 0.9643155215260285 0.965285720341337 0.9670529689378891 
0.9610028607731956 0.9605113524300071 0.9606926531741772 0.960773391919435 0.9608025972818516 0.9615703753079452 0.9628584920579493 
0.9573310237655321 0.9572211163838059 0.9575026570764604 0.957615110529646 0.9576557725043972 0.958245045636507 0.9590909294475625 
0.9516927555796619 0.9522420712940943 0.9527093934263401 0.9528772050262382 0.9529372122192403 0.9532622423887274 0.9534315579812338 
0.9501245969531683 0.9509291350859698 0.9514942293359172 0.9516936724595589 0.9517647444145604 0.9520386254345787 0.9520139526929212 
0.9977463340108196 0.9975563823126642 0.9975187265426851 0.9975165953266221 0.9975316580480931 0.9975916064161677 0.9976667536810951 
0.9941658257745204 0.9939641922498246 0.9937226363652262 0.9937758096940803 0.9938382500687202 0.9942683553133699 0.9952731244978075 
0.9945287655756202 0.9944610798548237 0.9942369724123133 0.9942776398431541 0.994326700006544 0.9947148572367938 0.9956414027241135 
1.0 1.0 1.0 1.0 1.0 1.0 1.0 
0.98434950236335 0.9846419183578488 0.9854330333797978 0.9849821048671069 0.9848986840599139 0.9847110233131426 0.9827849718415695 
0.9656001864111642 0.9675119264712517 0.9698288908025363 0.9688057934140304 0.9686334071511304 0.9683062029451643 0.9644278765855075 
0.9563465438666934 0.9593770950863952 0.9625595097602981 0.9613145790580718 0.9611223398334184 0.9607291850040962 0.9558766181230012 
0.9745317019171448 0.9762722357120395 0.975924249260166 0.9761184914636056 0.9762304741932545 0.977244863134882 0.980791469435739 
0.9745463481867845 0.9760559790973236 0.9756419069500777 0.9757637242706211 0.9757578026672244 0.9762056740221408 0.9789295393252029 
0.9760125791353661 0.9769246301095235 0.9762569160130385 0.9760442406467802 0.9755010331024373 0.9734068809004138 0.9719966922064347 
0.9694682158100727 0.9707731727452387 0.9704114594874732 0.9702407121695452 0.9696676921773617 0.9671281522888697 0.9643119152971278 
0.9675450572175506 0.9691198672160413 0.9688668403608428 0.968692113396914 0.9680503675529295 0.9650867908212668 0.9612492021756557 
0.955753917787621 0.9577555099432145 0.9580453329605108 0.9580944476145591 0.9577602698968075 0.9558302269117548 0.9526656509444251 
0.9531538471636282 0.9552043729987542 0.9555958254627803 0.9556893268225011 0.9554287193741217 0.9537676140967765 0.9507903755926946 
0.9523628505120278 0.9543231389496938 0.9547124649104837 0.9548104650930217 0.9545826450419834 0.9530750845269675 0.9502620615519851 
