-999.0 -999.0 -999.0 -999.0 -999.0 -999.0 -999.0 
1.0000000342335953 1.0000000432079446 1.0000000490985543 1.0000000514588323 1.0000000523433579 1.0000000510297364 1.0000000427071527 
1.0000000380171565 1.0000000480055562 1.000000054570519 1.000000057180875 1.0000000581578143 1.0000000566903318 1.0000000474561461 
0.9999999986527128 0.9999999982936018 0.9999999981445339 0.9999999979626639 0.9999999979380925 0.9999999980498 0.9999999983300822 
1.0000000269882239 1.0000000340350887 1.0000000386718888 1.0000000405385623 1.0000000412367513 1.0000000401846039 1.0000000337058923 
1.0000000269162854 1.0000000339411117 1.0000000385576375 1.0000000404109093 1.0000000411026486 1.0000000400609879 1.0000000337127166 
1.0000000035771741 1.0000000045172108 1.000000005135594 1.0000000053847318 1.0000000054772245 1.0000000053390479 1.0000000045030943 
0.9999999991999718 0.9999999989904729 0.9999999988589401 0.9999999987891385 0.9999999989008694 0.9999999988055984 0.9999999990000651 
1.0000000120206582 1.0000000151744102 1.0000000172659902 1.0000000180952993 1.0000000184053564 1.0000000179335913 1.0000000150006334 
1.0000000119926302 1.0000000151296708 1.000000017205981 1.0000000180323516 1.000000018341749 1.0000000178742867 1.0000000149518808 
1.0000000359652177 1.0000000201223023 1.0000000228035895 1.0000000238975248 1.0000000243087341 1.0000000237038515 1.0000000198467964 
1.00000005706503 1.000000071846478 1.0000000815888557 1.0000000855055868 1.0000000869764853 1.0000000847925268 1.0000000709836905 
1.0000000118430048 1.000000014686641 1.0000000165403824 1.0000000173339618 1.0000000176328305 1.0000000172077108 1.00000001443018 
1.0000000059441179 1.0000000073539421 1.0000000083861127 1.0000000087922933 1.0000000089444911 1.0000000087454624 1.0000000073556512 
1.0000000269176845 1.0000000332545753 1.000000038316873 1.0000000401682883 1.0000000408623726 1.0000000398559663 1.0000000333735748 
1.0000000117515297 1.0000000147571995 1.0000000168996894 1.0000000177237234 1.0000000180329867 1.0000000175971953 1.0000000147311308 
1.0000000258664858 1.0000000336284973 1.0000000382851002 1.0000000401473137 1.0000000408458445 1.0000000398428874 1.0000000333569743 
1.0000000077458393 1.0000000100565032 1.0000000114433145 1.0000000119967591 1.0000000122054578 1.0000000118984196 1.000000009951078 
1.0000000780263596 1.000000098493988 1.0000001118841184 1.0000001172604314 1.00000011927565 1.0000001162783285 1.0000000973251126 
1.0000000080167433 1.000000010144042 1.0000000115112935 1.0000000120658874 1.000000012274269 1.000000011971254 1.0000000100159614 
1.0000000380327259 1.0000000479778501 1.0000000545541043 1.0000000571761978 1.0000000581599255 1.0000000566976681 1.0000000474502482 
0.9999999982086433 0.9999999980039934 0.9999999974125341 0.9999999972837419 0.9999999973614198 0.9999999972977563 0.9999999977528952 
1.0000000381592309 1.0000000482127551 1.0000000548234766 1.0000000574096928 1.000000058378219 1.0000000569251737 1.0000000476715605 
1.0000000037066936 1.0000000047678175 1.0000000053761435 1.000000005568638 1.0000000056429927 1.0000000055322684 1.0000000047054993 
1.000000003684567 1.0000000046872695 1.0000000054241547 1.0000000057075116 1.0000000058146579 1.0000000056536036 1.0000000046243094 
1.0000000570147645 1.0000000719163473 1.0000000816880916 1.0000000855974012 1.0000000870401846 1.0000000847638677 1.0000000712253831 
1.0000000568953546 1.0000000717472894 1.00000008149132 1.0000000853788855 1.0000000868230656 1.000000084558259 1.000000071167069 
1.0000000269367026 1.000000033982353 1.0000000386157941 1.0000000404666372 1.0000000411274161 1.0000000398357134 1.0000000334592838 
1.0000000058066034 1.0000000073420423 1.0000000083561071 1.0000000087442396 1.0000000088920216 1.0000000085945144 1.0000000072488016 
1.0000000169388332 1.0000000213616935 1.0000000242659648 1.0000000254268677 1.0000000258591941 1.0000000251603463 1.0000000210551472 
1.0000000104531463 1.0000000132183438 1.0000000150400195 1.0000000157521396 1.000000016019132 1.0000000156555875 1.0000000126411956 
1.0000000076124511 1.0000000096259487 1.0000000109422045 1.0000000114685064 1.0000000116702288 1.0000000114028007 1.0000000090557775 
1.0000000118815036 1.0000000150329313 1.0000000170805576 1.0000000178983164 1.0000000182117186 1.0000000177671786 1.0000000143120706 
